

P = [[0.20,0.15,0.20,0.45,0.00];
     [0.00,0.00,0.50,0.50,0.00];
	 [0.00,0.10,0.25,0.00,0.65];
	 [0.25,0.00,0.20,0.25,0.30];
	 [0.00,0.00,0.00,0.60,0.40]];